=== twostream run ===
  problem      = twostream
  scaling      = 1
  wavelength   = 2 (units of 2*pi)
  k            = 0.5
  L            = 12.5664
  n_cells      = 64
  n_nodes      = 65
  dx           = 0.19635
  dt           = 0.04
  T            = 60
  n_steps      = 1500
  N_ppc        = 128000
  n_particles  = 8192000  (N_ppc*n_cells=8192000)
  w            = 1.53398e-06  (ni*dx/N_ppc)
  ne0          = 1
  delta_n      = 0.0001
  ni           = 1
  v_th         = 0
  v_drift      = 0.5