=== twostream run ===
  problem      = twostream
  scaling      = 2
  wavelength   = 2 (units of 2*pi)
  k            = 0.5
  L            = 12.5664
  n_cells      = 128
  n_nodes      = 129
  dx           = 0.0981748
  dt           = 0.02
  T            = 60
  n_steps      = 3000
  N_ppc        = 16000
  n_particles  = 2048000  (N_ppc*n_cells=2048000)
  w            = 6.13592e-06  (ni*dx/N_ppc)
  ne0          = 1
  delta_n      = 0.001
  ni           = 1
  v_th         = 0
  v_drift      = 0.5